Emission Parameters — SPY, K=11
==================================================
State | Mean (μ)     | Std Dev (σ)
--------------------------------------------------
   1  |        -0.52 |         3.81
   2  |        -1.98 |         0.93
   3  |        -0.95 |         0.33
   4  |        -0.49 |         0.15
   5  |        -0.13 |         0.13
   6  |         0.16 |         0.12
   7  |         0.44 |         0.09
   8  |         0.71 |         0.12
   9  |         1.14 |         0.28
  10  |         1.82 |         0.63
  11  |         0.75 |         1.93
