Emission Parameters — SPY, K=13
==================================================
State | Mean (μ)     | Std Dev (σ)
--------------------------------------------------
   1  |        -0.57 |         4.16
   2  |        -1.99 |         0.75
   3  |        -1.12 |         0.24
   4  |        -0.64 |         0.19
   5  |        -0.36 |         0.17
   6  |        -0.07 |         0.13
   7  |         0.18 |         0.11
   8  |         0.45 |          0.1
   9  |         0.73 |         0.13
  10  |         1.08 |         0.21
  11  |         1.45 |         0.29
  12  |         2.23 |          0.6
  13  |          0.2 |         2.18
